„2-

5. 91111111111111 1) ο1111μ1011111ῃ1111 9111111111111111111111112
111111,1.9Ο6111.,1111111ο1,1111111191711111,9111111111111111οὓ11
21991,1111111111,91111111111’1,1111111111111111111111119971,·9, ¹
91111111,111111111111111111191111111 1119391111, 9111111111Ζ
11111111111111111995. 1111111111111111 1111191111111111111 1111111111

7111)·,111111 1111119111, 11111111 SuppLL-LLLLLLL Hagen, 11111111 9111111111
91111,,1’1111,91111111111911111111112199913.’

111111.1111111111,111111.1111119193112711111111111,11112
11111,11 1111111111111111.2111,199119711111111,1101111111111111111112 .,
,11111111111111111111111111911991111,91111111111111111111111111111
31999 9111.1111119.911111,111 9111111111111111, 911111. 1991117,
LLLLLgLL 111191111111711111111111111191111 199971111111111111
SLLLLL Lon onLLLLLeoLogyaLLLLLLQ 1111111111,1999919111111111111
111111111111111111111111991111111, 9111. 911111111101119711111Ξ
11111111111111111111111111111111311111111111. 911111, 2111911119 ⁴

91111 11. 1111111111 111111111111 11111111, 511111111111111111111111.

L.. 91111 111115 1111111111 11111111111111 11111111111111 711111111111

L. 71111111 1111111111 11111111 1111111111 1111011111111111 1111111111 Lm
911111111111911111119115111111111 (ed. LLLLLLLLLLL 1901) eL 1119111119,-

1111 L'LLLeLLLL peregLLnoL‘LLL.

, 9111911111,1111111111111111111111111 1999 7011111111111111
LLLLLL 11111111111111111111111112111117995

99111111111111ς11111111111 11111111 11111111 Lamo. 11111 (9111111
1911111111111111111111-ηα1111111191111 11111111 9111 11111111 19111 9111Τ
9911111111711111111111 1111111,11111111111111111111111151,

111191111111111111711111111911111 1999999111111110

111111· 311111.. 1111111111199 991 11) 11111111111911Γ19911 SLLLLLLL
9111111711, 11999 (111111 111111 1111111111. 11111 111 1 9111111111.. 11111
111 9111111111111111, 1991).

9.191111111111111111111111 sLLLL 11111111101111 911111111111111111111
11 ,111111111111 eLpLoL‘aLLoLes:

 

