,.
- 01 -

Q. 01 1101011 1111011

uanum—>trun mum-um

QQ 1111111 11111101011 110011 11111111111 111111111 111111111 11Ξ
que QQ 011111 Romanum 11 1111011 1111111011 11110 11011 1111011 QQ 1111
11 11111, 111111, 1111111 11 11111111 1111110.

1.Μ1111Μ11οΜ11ΜΜ1ΜΜ1ωΠωΜηω
QQQQQMQQQQQQQQQQ 1110110 1011111101
11011 QQwQ 111111 (QQQQQQQQ 1111 11 111 1) 1101111 111011 11111111
11 1111111 (0111101). 011 110111111111111 QQoQQgQQQQ 11 011011 119
01110113 11 111101 11101 (1.1. 111111111 1) 1101 1111111011.

Q. 0011011111 1111011111110111,1010111·01111011, 111011 (1 Q.
000 οί-00. QOQ. 100. 107. 1211. 1021011).

QQQQQQwQQQQQQQMQQQNJQMQ,
1111 11 111.011011), 110 11 11011111111 11011111 11111 111111(111111111

ΧΨ 1ΒΜ1101Μο01111Μο1ΜΜ
WQQQMQZPQ QQQMQQQMQQQQQQQQQ
(00110 10 011),111110101 10 QQQQQQ 1 1111111011 1111111111 11111111113
1111 1Μ1 11011111111 101111 111111111 QQQQ 11010111111 QQQQQ3 posQeQ

01111111011 1101011111111111111 1111011,111110111111011 111 0110111,

QQQQQQQQQQQQQQQQQ 011111111111011 (QQQQQQQQ) 11 111011 1111 1111 110113
111111 01111 1111101 1101110 (11. 01111). 11010111 01111 111111111 111Ξ
111ΗΜΜο11Μ1Μο11Μ1Μ511111ΜΜΜ1
01 111000 11.011 11111 11 011 01111 (1000) 11 s,

0) 0111111101111 110 11110 Μ1 Q 11111111 111110111111111 110111
10111111,101110 QQMQQQQQQQQQQQQQQQ ¹

1011.1111οο111101111 11111110111 011111 11111 111 110111111111111112
01 QQQQQ (11 10 01111).11111111111111110101111111111110111; 111111111
10111 11 1111101 (0111 11-110101)1 11111 01111), 11110 11 01111 (11
QQQQQQQQQQQQQ). 111111 11111111 11011011 11010111111 00 1 010110.

1) 111011 11111111 11111111111011. 11101 11011 11111 1,01110
10,2011111111111110 10 11111ϋ1111 01111. 0111111111 1111101 QQQQQQQQ
peQ 111011 111 111111111111 1111111111111 ·QQQ QffQp 11111 111 111111111
1111011,110 111111111111111111 1110101111 1 111101110111111111111(2 111Ξ
Qe Q 1111111 11.1100,010; 0111. Q 1. 210 1130.1 100.10).
Saepe 1.1.11 1111101,111 1111 wo 01 101110, pQQesQQQQm 0111111 11.Ξ
11111111 (0). EQ 0111111 1110111111 1101 111011 romanam 01111111, 11111Ξ
011 01111011 1111111 (1111. 11111. 11, PQ. 10).

 

