HQHHH 11111111 111 11111 1111111 1111,11 11111 1111 HH 11111. Q
11111 11111111 11111111111 111111 11 111111 11111111 11111111111 (HH.

1111111111 111. 11,1). 01 1111111111 111 11.111111ϋ, 111, 1.1.111Μ
1111 (3.200-231).

Β. 1111111111 11111111111111111111111.

oemmmwma- αι

1111111 HHHHHHHHHH'H 11 Q 11 11 111111,11 111111 111111,11111111
’11113

1.11ΜΜ1ΜΜΗ11Μ1Μ11Μ1111 HHH,
1111 1111.11, HHH 11 11 H. 1111111, 111 11111Ϊ11Μ”11111 1Ἐ11111111 111
(1111),111 1, 350 1 1111111 111111111111 1111111,1111 111111111111
1 111111 1111 1 111111111 11111111 111111.

wHHH 11111111111 11 111111 111111 HHHLH 11 11111111111 11 11111
11Η1Μ1Μ111ὠ ΜΜΜΜ1 ΜΜ1Μ1ΜΜ11ΜμΜΜ11

Μ11111Μ 1111 11111 (1111 01111111) 111 111111, 111111 1 5111111 111
11111111111111 1111111111, 1111111 11111111111 111111 11111 111111111
(1111 111111111) 111111111 111. 1111111 11 1111111111 111111 (111) 11

Ἰ(1111111111) 1111 1 1111111111 11111111 11111111111 111 111111 11111131
111111111111111111111 11111 111 111111111111111 11ς111111 11111Ξ
11111111111111111111 (11.1.11111111, 011 PHHHHHHHHHH 111 1111111Ἡ11

1131)

1.111111111111111111111 1111 0111 111111111 111111111111111111
111ῑηᾶ1111 (11111 11111111111), 111111. 11111111111·1 (111.11 HHH 10,
HQH 1121 11).1111 1111111111.11111 11 10 111 11111,111111 111111.
He 11111111 11 1111 11· -11111111μ 11111111 11. HH Ρ11111, 111111 111
111111111 011111, 1. HH 11., Ρ1. 22-27.

Μ1Μ111111 11 1111111111 111111

λων-*ιω* mma-⁴0·- Πανιώνια-ιω·

011 1111111111 1111111 11111 11111111111 Ρ1111111111Ὶ11111111111
11111 111 111, 11 11111111 1111111 11111111 11111 111111 1111113 1111
Μ11Μ1Μ1111Μ1ΜΜΜ HQHHQQHHHQHHQQHHQQH
H 11 11, 7.1. HHHHH HHHHH 11111 1111111 11111111111111111111111, 11111
111 1111111 1111 Hb 11111 11 1111111 HM] 1111 3111111 111111 (111117,
125 H 11110,21; 11,11; 111111111111 11 11111 1111111 111111 HHHHHHH)

111 1111111111 11Η11111111111111 1 Ἰ1111111 1111111111 (11 11·1μ1
MHHH HH, HH. HHpHH)3 1111111111111 1 HHHHH 11111111 111111111 11
ΜΜ1Μ11Μ1

 

