. 3 .

9) 991999199 91919999199 9999 19991 999999 91 9999911999 (999) 1999
9999 191999199 91919999199 9999 ⁶ ¹ <

9) 99999 999 991999199199919 1911119119.999 D. P 9 (1919) 1919

nmo-m

9) 99919 91911999 99 19911991991999 919999199 (S. 9919999) 1999ῑ
991. 91911999 919919) 1992. = · ν

9) 19991999 999991 of 09199991 Μ 99199 11199, 999999
9ΜΜΜΜΜΜΜ9Ὴ9ΜΜΜΜ9ΜΠΜΜ1ΜΜΗΜ9

9) 999999999 91999. 19991999-199 91999999919999 999 9911. 199999 1999;
19199919919999999 (11) 1999.

1ΜΜΜΜΜΜΗΜΜΜΜ9ΜΜΜΜ1ΜΜΜ1Μ.

)9ΜΜΜΜΜΜ9ΜΜΜΉ9ΜΜΜ9ΜΜΜ
99119919, 9999 19 199.

9) Ρ9ΐὲἓέἐῗ91ἓὲὅ99991 9991999 19291 9999991 91 999 Pal. 01. Soo.

1) 9999111919 19919999 9191199 91 99999919999 19291 9191199,

1) 199191 991999199 91919999199 9991999ῑ 99999.

999999999 199199 91199 9999919919999, 9999999919 9911999199999,
99119919 99 99999 199919999 991999 99 91919999999 19199991999 conferunt„

8. 91199919999.

m

9191199999919 L. 99911991111111 99911199991 9119999 99 19911199 91 WL
80Q1, 9199. 9191. ,391191. 111 919-921 1Ι 9.919999, 99999111119 99 19
ΜΜΜΜ9.9Μ.1.19Ἡ59.9.Μ9Μ9Μ91ΉΜΜ 99.199
11.9.91991999 19 199 991991999 999999199 1- 19. >

91999119 99919 19199191199 99999999 19 99919991) os 999 9999999 9Ξ
9ΜΜΜΜΜΜΜΜΜ91ΜΜΗ9 ssffiffistQfflff

9999 9999999 9 99999919 99999 99919 99 91919 999919999 91999999999η

“mmwfflmmfflmfflfflmwmQffiQmffffl
mmm

 

