ς 10 .

66 161661166 6616 61666116 (61. 16. 13,1Ο-14). 166166 6661 planum, su=
616616166 16611166 66 ligno 66666661’(16. 1,1Ο), 666166166 66 1166, ,
1666616111(6.1211666166666616161π16
fflwAQQQMQAmfflwmafflmwfffflmwmffloefflme

(3 Rg 5,21-25; 166.23,13-15). 166661666 propyla 116166 plerumque 666
16166166, 661 166166 666616666 666666 (10)(11 66) 16 6666 (61 101, sig.
102), 611166 16 66161116 (61. 4>Rg 9‚30; 166. 22,11). ”16666166 6666Ξ
61116616” ,61. 101 6.110. 0616666 61111 66666666166 661 quod 166 6666Ξ
611Μ611Μ1ΜΜ6Μ16616Μ6Ἢ616Μώ6ωω6
16161661 6666 661 1666 16161, quae 16616 1666666666 (11 3,5) 661 61166
61666 obserabantur <1d0“§J}E).

· 3. 166 61166 16666 6166116166166 661. 16 61616ι 66661666 616166666,
1666Μ16111ᾘ6Μ16161Μ6ΨΜᾞΜ1Μ16
ffifflmstfflwQawffmQmwmmnfflffifflmffifflmwfflwfflffl
16616 (61. 6.6. 16666666 16666166 16 11666661; 166. 31,22). 16611 6661
66666 161616 61666 quam 66666161661. 161 16 66166 66116616 661 16 616Ξ
116 66666616 66666166166 16616666616 61 6161661 11 16·666661666116 16
16666 166616 (”61166”), potus 16 66616616 6661116 16 666661 66611 61666
61 aquam 666166166, 6666 61 61166 66666666166 661 afferendos. 16116616Ξ
66 1666666 1666 66 6661116 666116166166, 666166 61166 66 66161116. Ρ66
]fflwfflfflmwssmmfflMQimemmfflhmffifflhmv&
1111“6116166 166166 166661166 166166 16 1661166 661111661166 (61. 1 Eg
1,1Ο); 61. 166166 16666166 16 61-166<6 (111Ρ 1, p. 111, Ρ1. 89). 166166
666666666166 16 66666116 61 16616166 66 161661166 611666116. 0666 6611ἒ
66166 11166166166 166 616 (61. 11 5,15); 666166 166666 6116 1666. 1,
sig. 1731 1611166 11“ἓ11ῗ ’

1. 16666 66111166 666661166 61 6661166 6661666166166. 16666161 66
1666666 111666 16 1611 161-116616 (W 1. 111.21), 66 611166 1666666 666
666611661(1616ῧ,1111.ω,61163Π11661
1611 61-11616, 6666166616 61 66166 1666666 16666666166 (W 1, 111. 23),
16 666 61166 1616666 1616166. 16161166 161666616 16 666 3 Rg 7,1, 61
111166 Pharaonis (7,1) 666 66116 16166616616 16666111166 (61. ZDPV 11,
fflflmsMfflQfflfflmemffimmmm&
16161 16 3666616 6661666166 (61. 1666. 16661. Ρ1. 51, 16 666 1666616
6661 666666616 6166666 66616166 61 166166663 661111616 666666 W 6116, 6
6616116 66666611ζ”11111 166666 (”666666161“1; 116 1666616 6661 6616666.
1661 16666 661111616666 magna 6616 61 6666 666166611 6661 (61. 1111Ϊ””
166., Ρ1. 37). κ- Domus 66 1666666 361666616 16 Me 1116 16616 6161616
6666666 1666616 66166111 61166 6166616666 6666666 11 1, 111. 211. Domus

6611116 66 1666666 6666161 1666616 661 16 61-16666 (111,“1933, 190 66;
Ρ1. 131). Tempore posteriore 166666 1611661611666 1616666166, 6.6. Sa?
666166 (1 11, 111. 36.37) 661 166666 616166 61 1666166 16 6616116 11666Ζ

116 (1111 56, 1933, Ρ1. 111).

 

