. 23 ,

3.ffimfflomoemwm(ssssfflexw3 11111111131111
1111111111 03 11111 11 1111,1.111 1111) 11111111 1111111111111
,mwmmmsfflmmcmfflmm(33fflfflQM33

111 11111111) 1111111111, 11 11111 11, 11111 1111111111
31111 13111,111; 1933, 103.Ρ11 111111 (111111) 1111111111 11 ⁸330303⁸,
33333 33 11111111 330333333330 333 111111Ἥ 111111111111111“ 1111111
11111111111 33 111111111111 111111111111 (11. 3 1 111.13·111 33W333g 11
11 111 133 2, 335 11. ,11 13).11111111;111111,11·111 1, 1111 1111111Ξ

Μ11111 11111111111111111111111 11111111111 11111111111111111.

111 111111111ηζρρ1111 11 1.1111 11111111111 11111 11111111111 3333232

3m3smwwwmdwwfflmmwmm’fflfflhmwm m 3
111111111.

111. 1111111 11111111111.

ΝΜ.

3moe33mss3 &ffihfflmwmffimmmaewmm3
3QM32mmwffimmmmffifflmmmmmwffl ,1
1.33. Μ111111311111ω11 w3333mwmwst ffiffl3
11 11111 11111,111111111 11 111111111·111111,1111ο 1111 11111 111.
11.1 111.13),11111 11 1111111 111111111 11 113111,

311111111111111111111, 111 1111111·111,1111 11111,1111 1.111111
33333373ffi33w333333333323333
(1 1111) 333 23; 11111111,11 1111 11 11111, 33. 1· 1111 111.

311111111 111111111ῐκ11111 111 1111111111 11111111 11111111111111111

Mun-mmm

3ww3MMwM 33m¹mwmwwfflmmsme
3333¹3333) mmm m3333333m33M3

3 .111111“1111111111111 3) 11111 3033 1111111111111Μ111111·111111

ammfflmmwffifflfflfflff3ffl M3m333wffimmema
mmewfflmwos3wmm33fflmmfflm33m

111111111 331 1331, 305 11 )

1) 1111. 3⁰ 3. Ο11., ex 111111111111111111111, 1111111 1111111111

3333M( 03¹333333'333333313m3333333
mfflmQM3mfflmmwfflffifflmwmmfflmeMm
1111111111111 111111111111 1111111111 133 113). 111111111111111 1111111
11.11 1.11 1.Η111 11111 1111111111111111 11111111111 (3. 31111111 ⁸⁸9
111111 11111111 111111111311 1111111111 1111111 201111111 111,111
111111 111 typus 1111 1111111111 111 11111111111 111 typo 11111111
111111111111.

 

