, 6) 61 11111111111,1ω111611 11. Μ 535.

1) 611111 111111111111111Ν 1Μ Μ116611111 111 11. 1 111 11, 5573
5Q35TQQ5QQ555wQ35Q3Q5QQQ3QQQ

'QNQQffl5QQQWQQQNQQe>5QQQQ3Q3Q5
1 ;.116 61, 553 303 3, 23 53 1116,11;Ν,. 50. 66 66);11111161611

Q3 111111 111111 111111111111 (5Q 11,111,1111616111).

6. 5555350555: 111. 1 Ρ11 35 11111 95 1111111 (16 11 11111111Ξ
- 1 ,11 1 2

QQQ Q3QQQ

Q5Q5mQQ3Q QM3 3QQQ5Q5) Q
111111111111111111,11111 , 6 3 &5 1,11111111111
33330 61111161111 6161 303 1,1ΜΝ 6111 35530 111 5330 1,]Δ ³

5525 3505553 30, 301 ‘5:50 5357 1166,γῖ 651 167
5335 QQQQQ QQQ35Q333055Q3QQ3Q3Q5QQ

m

11 111.

6111Ν (11. 11111111111 ) 1) 533303 [Q 1111 53303353q
3¹ 111 W5,53 61 16,111) 11611,11111111 11111 16111111 111Μ11Μ1
11 11111161111111 335335

6)Μ 6111 11111ώ11111111111,1111111 1111111 111111161111,1111
6166111161Μ1

1) 11111111 333Q ,1 111111111111111 11111 11111 111111111
5553e=‘ 553533¹ ¹) ”””””

1.1111111 61111611ι1) 11111 1111111 111111111 1111116111, 552
1 ;33.' 5 1 · ⁶‘' ¹ 5· 1 1353 6Ν1111161Η) 1111111 33
1111111 11, 1111 1111111 1, 335 33 611 11 ·1111111111, 11111111
11111μ1111161111111 3 11. 5555 61111111161111 33 111111.

L.

6) De 3335353353535 33. 33 33‚73 353 5,333 3‚35 (111116)

‚ . .

6) 611111 (61 26,2”661 35,3255; 303 33 3‚5,335>:

1] 111111 111111111(111(11) 61Ν111 1116111 61111116111 5
33333 1111111 (111111111111111 111111 55 1111111611 ),1111]1111611,
111111 11;1 w33 3353553g533.

3] 55555: 111111 11161611 6111111, 11111 111111 1111111111,
11111111 11111 111111111 11 1111111611 1111 1111111-61111111611

 

