. 11 4

QfflmRmawm‚mmmfflQmmwfflmmmm
11111111, 111111111) 1111111111 11 1111 1 - 11111 (11111111-11111),
11111 1111111111 1111111 (11. 1. 11, 111. 23 ε 1111 1111 11111111111,
1111111 11111 11111 1111111111. m Hoc 111111111111111111111111 1111
111111 (11111) 1111111111. 111 11111111111 (51 - NE 803>cmz26 m) 002
111111 1111111, 1111 1111 1111 1111111111111. Media 111 1111111111111
11111111 11 1111111 111111111 (of. 1. 11 111. 35). - 5111111111 11
antiquius 11 11111 (111111 aerae 111111.1. κ- 11111 11111 0111111111
mmmmfflwmmfflQmwwffimfflmm
111, 319 ff.) 11111111 111 111111 1111111111ῑ 11111 = 111 NS 11111111
1111111 111111111 11 11111 111111111 111 1111 11111 111111111,111;11Ξ
1111 111 1111 111111111 11 11111111111,1111111 1111111111 111111 11112

1111.

11. 11ηἷ11111 111111111 11 “1111” (”11111” 2 81. 20,11)”11111111111
1111 11111 11111·(11111) 111111 (“111111”ῑ cf. 111. 17,11; 111 11,21).
11 111111 (11111 111 11111) 11 1111111 1111111111111 eo 1111 111 1111
111111 (11. 111 25,29 ss} 11. 3,5). 1111111 1111111111111 111 111111Ξ
1111 1111, 111 11111 111111 1111111.

0.1111111111111111

11111111 11111 1111111 11 Ρ111111111 1111111 11111111 11111 (111
mfflmmmmwmmm

1. 111111 (11-..), 1.1. 111 11111 111111, ξ111 311111 (1111111),
11111111. Si 1111 111 11 11111 111111, 11111111 11111111 1111111
11111 11 11111 11111 111111 1111111(”111 11111“; “11111 111111“ 111.
3,11).
ΗὊΜΨΜΜΠῊ11Μ1Ἢ111111ΜΝΜ11111-
11111 1111 11111 1111111 11 111111 1111111 11111111ΗΞ Ρ11 31,10),
mmmwffifflfflwffiwfflffifflssfflffistsshffifflfflfflam&¹
111 111111111111“(”111111), 11 11 1111 11111111111, 11-111,1111111
(1. 11111111),11111, 1111111, 111111 (1111 1111111, 111 1111111). Os.
1111111, 111111111 1111111 116-111. 3111111 11111111 111111111111 in?
11111 1 1111111 (ΗΡ111111“) 11 1111111 1111 1200 1.Ο. (11. 1111111 31,

1131, 123-1 11 Ρ1, 111-1111).

2. 11111 (11111, bar), 1111111 usque 11 11111 11111 111111111111.
cf. 1.1; 11 21,283 Gen. 21,30; 21,185 111 111111, 1111 1111111111, 1111
11·1111; 111 &jub (1111 111115 111111 11111 (11. 15 32 1.)ζ Ρ11 1111111

 

