0111111111 1111111111111 (11. Ex. fflsswssssi 1 111 11).

....-.....-›..-.„......‚„ ,ὧι-...1.

, 1111 ’
Γ””””””“”” *Q* '‘m'' 1

11111111, 1111111 1 1111111

11111111 u 1111111111,

Α

111111 1111111 ν Elisabeth

1111111 1111111111

1111111111

1111

&acm 1111111111
· (3 111 235)

111111111111

3111111111111111111111111111111111111111111111, 1111111111
111111111111111111111111111111111 111111111111111111111
111111111111111111111111111111111111111111111111111111118111111111,1111
1111 1111111111111111111111111111111 (13112218) 1111111 1111511111 qu}
11111111111111111111111111111111111 (211118 ‘ ,2611 81111111 8111111111
111111111111111111 11111111 11111 111111 111111111111111111111111
1111 1111111111 111-11111· 1111111 11 1111111111 111111 11111 1111111111, 1111 1111111111
1111111111 (11. 1111111111 11111111 11111111 (11111111).

2111111111) 1111111111Ί 1111111111111111 11111111111111
1111111 111Ϊ’1111111(1Ρ112311ἷ11111111111101,111111111311111111111
11111111,1111111111,11111111111111111111111111111111111 1111131111ἓ
111 11111111 1111111).

 

