3⁴31.-

3. 111111 1111111111111111. 11111111 1111111 111111 ex 11111111

ναι-νυνι...-

1111111111. “

1) 11111 1111 11111’9,11111111 11111111110, 11 11101111 1110111
111111 111111 11111111, 11111111 1111110111 11 11111 11 11111, 11111
111111111 superiores 111115 111111111111 11111 1111 (cf. 1111111 1111Ξ
11101). 10111 10111111111111 seo. 111111111 1 111111111 ex 1111111
(11 11 1); 111 111 111111111 11 111 11111 11 11 11111 1111111 111111111.
11111111110 111111111 11111 11 11ν1111.

1) 011111111 111111 1111111 111111 11111111 11111111 11 110111111
(111111111 111111)5 111 11111111 11111 11111111 (3 11 1,15ῑ cs. 3111111Ξ
11)ἓ 011111111 11 1111111 (11. 11. 29-36) 11 11101111 11101111 11111119
11 11 11111111111 1111111111 11 1111111 eburneis 11111111. 8111111111
1111111111 (11111611, cs. 11111 2 1) 111111111111 similibus 1111111111Ξ
111 11 11111 11111111 (11. 111111111, 1012, 111. 50511). 11; 111111111

0· QQQ„

11. 111. 11 15,11; B} 5‚5; 11111, 11. 1111111 1Ξ Philo, De 110111ζ

1111,.1,2.

1. 1011111111 1111111111. 1111111 Salomonis 581 1111111111ἓ 1011
1111111 11111111111 1111111111111 ”Super 11111111 11111” (11. 111. 3,3),
1111 111-511 11111 11111 1111111 (11. 3,1Ο-1,18), sed 11111 11111 1οἓ
11111011 (11. 1,12 1). 1111111111 1111111111 101 1111111 11111111111
1111 11 11111 11111111. 1111 101 111 111115 1111 10 1111111111111 111111
1111 1111111 (1 1111. 1921). 111110 111 111111 11110111 (1 1111. 1,31.
11), 11111111 (111. 1,293 1Ο,6; 111. 3,30; 13‚4-9), 111111111 1111111
(1 1111. 1,7)5 1111 1111 1111 111. 11. 11, 1,73 11,1,2ἓ 11,11,23 11
1 112). 1111111111 1111 1111111 11 11111111 11 11111111 (118 1.Ο.)1 111
1111 111111111 (115) 11111 111111111 (1 1111. 1,23’15.11 1. 50.17”111
ΨΜἋΜΜΗΜΜἯΜΗᾙΜΜΜωΜώΜ1ΜΜΜ1
11111 (ΞΟ-19 1.0.) 11111 1111111111>101111. 1111 aedes 11111 1111 1 111
11111 111111 1111 (1 11111101111111ἕ 11 111111 8 11111 111111011111 11Ὶ
11111115 111111111 1111111 1111 10 1. 117.) sed definitive 1111111111
111 111011 11 1111111 1. 11 1.Ο. 1110 10 1111111111.

11111111111111111111Μ1ω311111111
111111 1110111111, 11 1111 1111111111 1111 conclavia 11111 11111111
1111111111 1111111111111.

 

