. 3 4
1111 1. 111111111111111111111

Ἰ1111 11111111111111

W

4.: D 1 1 1 1 3 1 1 1 1 111 1’ 11 1 4' 4 1 1 1 1 1 1

1. De 111111111. 44. Gen. 44‚44 37,44: ”4444 11111111Η 11111111
11111. 111111111 1 11111 11111111 11 11111 11111111. 111111 11111111
1111 111 1111111 (11. 11111111φ1111111111, 4.3. 101, 511) 111 11111111Ξ
11111 (11. 11111111 1111111).1111111111111 4444444: 44. 11. 544 · ν
11111111111111111Ψ111111111111111111 1111111 111 1111111111.21,171
ξι’11511Μ 1111Μ11111ηω11111ω110111111

1·ἶ 111111 11111111 (11. 11,111). 11111 11111111 111111 1111111111

44444 1. 11111., Gen. 44, S 4·) 1111111 1111111111111 1111111 11 11Ξ

emmwfflwwfifflm ffl4M444ffl444044

11111 1111111111 44443044 404444444444444 44 3403444 1111111 111.
4 44 (1111111111).

11 De 11111111.11111111 1111111111111]11.11 11111111111111 111111Ξ
111111(111111111111111111,1111 11111 1111111 3044444044 1111111111
(m43 . 11111111 1111111111υ1111 440). 1111111111 1111111 11111 1111
11111111 11111111111 111115 111 1111111 111 1111 11111, 111111 11 1111
1111111111 11111111. 11111, 11 4.3. 44 11111, 1111 11111, 11-1111 111
11111111 111111 11 1111111111 1111111111. De 111 1111111 11111 11. 111.
1,11 1 51 44,4; 44,44z 24‚4; 1 1111. 2,31.

444 De 1111111 1) 1111111111111111111111111 111 344444344 111111Ξ
Wmsffmm4ffl444wnwmwmmmwmfflh
111111 (’111111111“’), 11111111111111111111.11 11111 11111111 44444,
11111111111 11111 111111 (1111111) 111 11111111111111 ex 111 111. 11
mefflwammeme44Wmmm 4mm4whw
11111111111 11111, 11 11111Μ mu 11111 111111 1111 11111111,111 11111

1111111111 111111.1111111 11111 11111 11 ’111111Η (111111)1111
Wffiwfflmmwmw44QWWWIWme4fflffiewmffw
1111111111.1111111 111111 ( 11111 Ψ 43 1,1Ο) 111 404444344440 (443 1,1 111
W.13 JOEQOWQWWWeHfflffl Wmmmfflnmwwwm
44mw4wmm4mwwfflffl 4mmfflmfflwwmmfflwm
{4444}ss 11111111 11. 1.011111, 444 11111111111 1111 111111 1115 44
4442 323 11.

1) 01111111111 1111Η11111.1111111 111111111111(111111111)ψ
wumqmwm ffl444mfflmmwswwfflmms

 

