4112.

00 quae 10 0000001 000000 0000, 11000 110000 001 0000005 10 00000 00
100000100 10000100000 10 0000011010 0101000010 0011000010000 00010010Ξ
000, 001000011, 110000 000010000 (01. 0000010 1, 110. 150-107).“Ι

1010100010 0100000 0000 10010000, 0000010 000 000100 0010010000
00 10000000.

2. 00000100 001001 000000 000100 (Β 11, 2000 - 1000). 100 00010 ,

00 00010103 0000 0000001000 0001000003 0001110 001100 00000000000,

λ 100000 11000 00010 000100. 100000 010000 00010 01000000, 00 000000100
1103 00000000 ”00000“ 0000001 001 0000 00000000 10 000000000105 00000
11000 000010000. 10000000 00 0110 0000 100000 00010 000100 000101000;
0001000 00000 001110100. 1000 00000 0000100 0100 00000000, 10000000
00 10100000 0000 00000000. 0000010 0100 1000. 1, 100. 10,1υ17.

00000 000 000 00000101000 000 0001000000 00000000000010000 0000000
11001000”1001000, 010000, 0000 aquaticae), 00000 10 0000010 quae 110010
000010 00 000010010 001101000000 (01. 1000. 1, 100, 1; 0000010 1, 110.
100.161 .

100 00100 00001000 “00000 1011 01-100001]0“, 1.0. 0000000οῚ00 00ἶ
01110 01000, 000000 0000010 00 110010 01010 1001010 11. 1, 100.5; 0000.
1, 110. 100, 2-3), quae inveniuntur 00100 10 00000 00 100 00000.

’ 00 000 0001000 01. Η.0100, 0000100 000 1000011 000 010010000
1000000010 10 101., 10 1011 61 (1030) 1170277 (000 00001000 0101100000
0010 00 21 0000110), « ’

0. 00000100 0001001 000000 00000010010 (B 111, 1000-1200). 100
00000100 0001000 000100010000 00000000”ἓέἷξ 00000000 10110000 00001 000
0001001000 0000010, 0000000010 00000, 00 00111000 10010001 101000000
ΜοΜΜΜο000οΜΜοΜοΜοοὠ000οῌ00οΜ0
000 000100000 00 110000000 0001000000. 10000000 0000 00000 001000010000
1101000000 0000100” 01. 0000. 1 110. 101,10), 00000 00000 001 0000000
“011011” (01. 0000. 1, 110, 103, 3, 5, 0), 00 00000 quem 000000 ΙΙ111000
1100000” (Ηο000001, Ι’1000010 1100101), 01. 1000. 1, 110. 100,,10.11;
1000. 1, 100. 10, 21. 20. ¹ ¹

00000 000 000 11000010 00 00000011001000 (01. 0000. 1, 110. 105),
000 00010 00000001000 quam 10 Β 11.

00010000010100000001Πο0000000000
0000000 1’0011100000 00 01110 Η0000000001, 1000000 10001010 10 1000100
0000010, 00000, 110 0000, 10010. 0000000 0000000010 001 0000 00000 000Ξ
010 00000, 0100000 0100 00001110, 010000 000000 000100 01000100 01000Ξ
000 0000000000 1100010 00000001010. 00 000000000010 010 1000. 1 00 0.
00 1000010 1 130-112. 1000010 0100 1000. 1, 100. 32,33; 0000. 1, 110.

 

