..15-

2 444 4 ,24) 44 4444444 4444 44444444444 (cf. 444. Q Mo) 444
fflwwwmmwwmoewmmfflmmm3Qmwmffimw
4444 4444444”444 444444444, 4. 4, 444 444 44 44 33, 44 454 44 44 24, 44
4444 444 444 44 4444 444444444444.

QmmmmwwmmffiffimfflfflQuwffmwfimmmm
44444444 44. 3,44; 44. 44 49- 33 4444 49,0 4 (of. 44444444444444 444 444Ξ
ωΜ(44444)44444444444374)Οωὴεεώω(44
4444) 444444444 44444444 (444. 4, 29 4 44, 9 303 44 23 ,40)Ϊ”444444 444 4
mwwmwaemwm33m333wwfflmmmo
33Mng 444444

&mmmmmmssmmmwffimffimww3m

313·3*”WAE*TFTW*ammsmwewmst):pwffim(mpfflm=

44444 4444444444).

46· 4444444

44444 44444 44 4444444444 444444444 speciali 44444444 444ς444 44443
offiaemumfflmmmfflfflmefflfflwmhmffl fflmwwm=
4ΜΜἪ4Μ4Μ44,4ωωῶωωὼηωπ4ῶωωωῇπῶ4

(44444444).

um

ν ψωπωηωπωω4ω4ωή4ῌ444 ΗΜ. 33,ffl

ms 4 444 4 ,24); 444 pauca 444444 44 444444444 44444 44444444444 44 44-
444444 4444444 444 44444444 44444444 (444444444 ben 444 44) cuius 44444

3333333333. 3333, Η. Ἦ, ffig.2, 444. fflffl. 44444
444 444444 4444, 444444 44444, cuius 444444 4444 44444 44444 44 4444444ἒ
444 444444444 (cf. 444. Β444; 4904, 243). 44444 44 44 4444 4444444 44444Ξ
3wmfflmmfflfflfflffffwffiffl3fflmmmffl
449 4,; 444444 4444444, 444444 4. 44444 3, 774 .). De 444444444 444444Ξ
444 44. 4444444 4, 474 4.

ν 444444444 4444444 44444 44 4444444 cananaea (4444444 Β) 44444444ἓ
4443 444444 44444 44444 444444444 44444 4444 4.4. 44 4444444. cs,
4444. 4 4. 33 3.

 

