444. 01111111 1111111 11111 (1200-300)

1. 1111111 111111 111111111 11111, 111111 1111111 1111111111
111111111111, 111111 1111111 11111111111 111111111 11111 11111111; 11
444444444444444444 1Ἡ1ω111111111111ΜΜ1
111111 111111111 §4443 11111 111111 111 1111111,11 111111 111111 11111Ξ
11 1111 (ῇ111111ῧ). 1111 11 1111 444 1, 444 44. 125 Β111.1,111.110.
Deco4 111 11111 1111111 111111111111) 1111111 11111 1111111 111 1111
1111, et 111111111 111111(11111111111, .1,111.12,31 ’

2. 1111111 111111111111 (6001300) 1111 1111 11111 1111 111 11111

1111 111 1111111111 1111111111111; 11111 111 g4044444cuss.

1111 11111111111 11 11111111111111111111 ab 11111 (11 111111 11
111111);111 11111111 111111111 1111111111111 11111(·111111.Ε11111111Ἧ11-
111111111 111111111 1111111 111111111, 11 44444444 1111111111 cem

111 (11.111 11,11. 111111111Μ
44. 01111111 1111111 1111111111111 (300-50 1.11.>

111111 111111111111 111111 1111111 111111111111, 111 11111 111111
1111111111, 11111111111 11111111111 1111 44 1111111 1111111111111 1111
11111,111 111111111 11111111111, 1111 111111111111111111111.1111
”111111” 11111 11111111111.

44. 11111111 1111111,111 111111111 111111111,111111111111 11111111
4NJffleq 4444444w44 111 11Μ111Ἠ.11”’111111(111111) ⁴

44. De 111111111

mm

11.111111111 1111111111, 011111Ρ11. 4 1111 , 4444W 1, 4444.
1111111 1.1. “1111”. ””””””””””

1111 1 11111111111 11111111111111 11111111 111111·11111,111111111111
111111111111,Η11111111111 11111 11111111111 111111 111111111111” (111111
JWMNJmmmwfflwmmfflweWmmawmmmmm
1111111 11111 11111111111 111111111.11 44¹0 1111 11111111111 11111 11111
111111111, 1111111 11111111 11111111111, 111 11111 111 11111111111111111Ξ

:444 1 (11 11 1111111’1111111”11“1111111111’,111111111 11111 44 011
ΕΜΜΜΜΜΜΜΜΜΜΜ1Μ1ΜΜΜ11ΜΜΜΜ

mmm-t

 

