9099 9999 99999999 999 999 1111 9111111111 11111111 1111111111 99²
999 111 9999 11111111111 1Μ 1111.ι,11Μ·1 1111 90999999990 11111111 11
111111111 111 (1Μ 11 9111111 11. M 9 993 99 999·0 91111111 11 992
1111111 99. 99. p. 99). 91 111111111Μ 1111111111 11111 99999.9<99 99099=

9999 1112932191 29

9999099 111111111111 11111111 1111111Μ1111111 11Μ Μ111111 099 99
1·1’Μ,Μ ΜΜΜΜ1Μ1ΜΜΜΜΜΜΜΜΜΜΜΜΜ1ΜΜ
1111111,1911Μ111111 9999999 11111 1111111 11 111111111111111111 99
fflmffimmmwaffifflmmwwmmheww)

9999 1111111 11 999 (11 1111111111111111) 999 W 99 111) 111111Ξ
1111 1111111 11111 11 11111..,.Μ11111 11.111111 11 111111111 99999999999
³ 9 990 99 111111111 1111111 11111 1111111111111, Ἰ111 999 999.
1111111 111 111111111).111 1111111 11.1111 999999990 11111 11 999999
111111 (” 111111Μ1Η) 111111111 9111111 (11. 99 Mc. 9ss99 59). CM ‚99
2111999911. 29.

99999999 ΜΜ1ΜΜ1Μ1ΜΜ ΜωΜΜ
Μ1 999).9s9ffl9 99999999 999999990999
&909999 1111111111111111 (11.11111 11)

’ ΜεΜΜωΜΜΜΜ 1ΜΜΜ1ΜΜΜΜΜ 999

1111111 1111111111 111111 11 . 11 ”, 111111111111 99999 99
1111111111111111 (11 111. 91 99 ss, 909. 399 9Ῑ,9,9). 99

3 111111 111111 111111911111111,11 1Μ1 111 99 11111111,11111.1111111
M999999999999909999999 999w99
11111 111111111 11111111111Μ(Μ.1.11 p 92;111Μ 111111 11111111111,
991119). 91111 9090 999 11111111111111111111111111 999 (’1111 1111) 11 111
999 9‚9; 9,9 99 990999999999 9999 ῑῐ1111911111 11111111111, 11.
11111. 9. 909-999.

9999999999999999999999999999 999
’111111 1ἶ”ἷῖ”ἷῖἷ11 999· . (9⁹ 9.g. 99999999 99909 99 111) 9999999
111Μ 111 111111 .1 1,11;·1111“11111 99 9939999 11 91111” 99 ΟΜ 99999

111111111Μ1111Μ1 (11. Μ1. 911111).

111-111111111111 1111111
1111191111 99w99 99 1111111111

9999U9999999999 999 999999999999999
1Μ111.

 

