M.: M e M 1 1 1 1 1 M 1 M M 1 1 1 M

1. ”01111” 1.11111; 111 1111111 111111111111111, 11111 11111
11111111 1111111111111 (11.11111111,3111111,1111111,311111,11111)
11111111111. 311 M] 1111111 1111 111111 111111111111 (312 115 11.1113
1111, 011111, p.27). 111111 11111 111111 1111111 1111111 1111111 111113
111 111 1111111111 11111111 reliquis 1111111111 11111111 11111111111 11
111111, MMMMMMM9 111111. 11111 11111 1111 11111 1111 1111111 (1111113
111 0111111)ἕ11 11 1111 1111111 1111111111 1111 1111111111. 01 11113
11111111 11 ‚M

2 11 11111 1111111 11111 oMMgMoQMMMMMMM 1111 1111 1111111, 11111
111111 11 111111 11111,1111 111 1111111111111 (11 1111111 111 2,11
11119Μ)ΜΜΜΜΜΜἚΜΜΜΜ1ΜΜΜΜΜ1ΜΜΜΜ1
1111 eM MMgMMMMe (11.1111111),11111 1111 11111. Exempla 111111 1111113
MMM 111611110 11111 111111 eM 111111 311111111 (Β111.1,111.102), 111
311 111111 (Mb. 111. 103), 11 111111111111. 111111, 111. Gaza 1, 5 115
11 1 ssi 11 11.). 011111111 11111 1111111 sMMM eM 1111 11111111111111
111111111 11111111111 canibus (PM 53[53] MMMMM 111111 1111111111 11113
111111 1111 111111 (11. 111111 11111 111 2,133 3,13 111).

3 31111111 111111511 11111111111 11111111 11 Mones 111111111 112
1ΗΜΜ1 ΜΗΜΜΜ1Μ111Η11131ΜΜΜΜΜ
ῑ1111); 111. 31 5, 3, 1. 311111111 1111111 111 11 31111-31111 11111111111
11111.,111111,1111 1111111 311111,·111 1111 11 01111 11111111111111 (11
3111. 1, 302). 11111 1111 11111 1111111 1111111111111ε cM. 3 Mg‘20‚MM
MMMMMMMMMMMMMMMMMMMMMMMMMMMMMMMMMM:
11111 (11. 1111111 1111111 1311 33, 1321, 513-71; MMPM 51,1331,210).

1ἩΜΜΜΜ1ΜΜΜΜΜΜΜ1Μ1ΨΜΜ1ΜΞ
ΜΜΓΜΜΜῇἯῇ11ΜΜΜ,1ΜΜ1ΜΜ1Μ1Μ
(11111; 2 31 15 ,2), 1111111 (11 127 1211] 5) 11 111111111111111

(111. 3,3) 11111.

5.1111 1 1111111 1 1 1 1 1 M 1 s M 1 1 1 11111 .· ”M . ⁴

111111.111111111 11111 11111111111 111 1111 1111111 11 1111111111,111Ξ

MM 1111111 31111111 11111111111,111111 11111111 111111111”1111111111Ξ
111” (11 111111111111 111111111111111111) 11 Π1111111“ (100 Mo 11).11
1111111111 1111111111111111111111 1111111111 11 111111131111 111113
(1111) (11 1.11,111.11),1111111111111 1111111111111 11111111 11

MstMseMMMMMMMMMMMMMMMeMMM (M. MM
11111.Ρ1. 2 73 111. 5.1,11 1 31).

 

